ola
(1,1)
(2,2)
(3,3)

adeus
(0,2)
(1,2)
(2,3)
(3,2)
(4,2)

apple
(0,0)
(0,1)
(0,2)
(0,3)
(0,4)

brave
(1,0)
(1,1)
(1,2)
(1,3)
(1,4)

clear
(2,0)
(2,1)
(2,2)
(2,3)
(2,4)

dance
(3,0)
(3,1)
(3,2)
(3,3)
(3,4)

eagle
(4,0)
(4,1)
(4,2)
(4,3)
(4,4)

flame
(0,0)
(0,1)
(0,2)
(0,3)
(0,4)

grain
(1,0)
(1,1)
(1,2)
(1,3)
(1,4)

honey
(2,0)
(2,1)
(2,2)
(2,3)
(2,4)

image
(3,0)
(3,1)
(3,2)
(3,3)
(3,4)

jolly
(4,0)
(4,1)
(4,2)
(4,3)
(4,4)

knock
(0,0)
(0,1)
(0,2)
(0,3)
(0,4)

light
(1,0)
(1,1)
(1,2)
(1,3)
(1,4)

music
(2,0)
(2,1)
(2,2)
(2,3)
(2,4)

novel
(3,0)
(3,1)
(3,2)
(3,3)
(3,4)

ocean
(4,0)
(4,1)
(4,2)
(4,3)
(4,4)

piano
(0,0)
(0,1)
(0,2)
(0,3)
(0,4)

quiet
(1,0)
(1,1)
(1,2)
(1,3)
(1,4)

river
(2,0)
(2,1)
(2,2)
(2,3)
(2,4)

spark
(3,0)
(3,1)
(3,2)
(3,3)
(3,4)

tiger
(4,0)
(4,1)
(4,2)
(4,3)
(4,4)


